0	0.463135	0.285767	0.155884	0.0952148	
1	0.390991	0.295654	0.173462	0.139893	
2	0.305664	0.312012	0.185303	0.197021	
3	0.304443	0.295898	0.199341	0.200317	
4	0.31958	0.312134	0.187012	0.181274	
5	0.346191	0.344238	0.1521	0.157471	
6	0.287354	0.295166	0.204956	0.212524	
7	0.306274	0.300049	0.197632	0.196045	
8	0.369019	0.377563	0.125732	0.127686	
9	0.3396	0.347168	0.15625	0.156982	
10	0.315308	0.302734	0.187744	0.194214	
11	0.293091	0.302612	0.201294	0.203003	
12	0.314697	0.317017	0.182617	0.185669	
13	0.347412	0.338013	0.151001	0.163574	
14	0.286011	0.295532	0.214111	0.204346	
15	0.299561	0.300171	0.203735	0.196533	
16	0.356934	0.269653	0.20752	0.165894	
17	0.339844	0.302124	0.186279	0.171753	
18	0.296021	0.288086	0.206177	0.209717	
19	0.292114	0.290894	0.206909	0.210083	
20	0.318359	0.312378	0.177979	0.191284	
21	0.321655	0.324097	0.174561	0.179688	
22	0.294922	0.282837	0.217407	0.204834	
23	0.293579	0.296631	0.207153	0.202637	
24	0.31665	0.310791	0.190063	0.182495	
25	0.314941	0.32666	0.177734	0.180664	
26	0.294434	0.294434	0.201538	0.209595	
27	0.289673	0.298584	0.210327	0.201416	
28	0.312256	0.305298	0.193604	0.188843	
29	0.329834	0.313721	0.175293	0.181152	
30	0.284424	0.286377	0.215942	0.213257	
31	0.292847	0.296021	0.199829	0.211304	
32	0.394653	0.265015	0.198608	0.141724	
33	0.338745	0.284546	0.201416	0.175293	
34	0.294067	0.287842	0.21106	0.207031	
35	0.282227	0.282349	0.218872	0.216553	
36	0.303589	0.295166	0.210083	0.191162	
37	0.314331	0.311523	0.18396	0.190186	
38	0.273682	0.283447	0.219482	0.223389	
39	0.283813	0.284302	0.214844	0.217041	
40	0.348389	0.297607	0.191772	0.162231	
41	0.321167	0.302734	0.197144	0.178955	
42	0.286255	0.297119	0.204346	0.21228	
43	0.279907	0.286499	0.223755	0.209839	
44	0.306519	0.300415	0.200684	0.192383	
45	0.319946	0.306396	0.188477	0.185181	
46	0.279297	0.27417	0.226562	0.219971	
47	0.280273	0.28833	0.213745	0.217651	
48	0.331787	0.257812	0.220703	0.189697	
49	0.314697	0.293945	0.199829	0.191528	
50	0.273682	0.288696	0.220093	0.217529	
51	0.281616	0.276733	0.219482	0.222168	
52	0.291382	0.307007	0.206787	0.194824	
53	0.30542	0.304321	0.187866	0.202393	
54	0.282471	0.275513	0.22522	0.216797	
55	0.282349	0.288818	0.219849	0.208984	
56	0.307861	0.297119	0.200684	0.194336	
57	0.313965	0.297974	0.198242	0.189819	
58	0.270508	0.289429	0.226929	0.213135	
59	0.276611	0.283325	0.213989	0.226074	
60	0.301758	0.295044	0.19751	0.205688	
61	0.30542	0.305176	0.194458	0.194946	
62	0.278564	0.292114	0.222412	0.206909	
63	0.28186	0.280762	0.215088	0.22229	
64	0.466553	0.281738	0.158203	0.0935059	
65	0.385986	0.297363	0.177002	0.139648	
66	0.30896	0.313354	0.190063	0.187622	
67	0.303223	0.306519	0.196167	0.194092	
68	0.315796	0.313232	0.191528	0.179443	
69	0.338013	0.348389	0.155884	0.157715	
70	0.29248	0.278564	0.21582	0.213135	
71	0.300049	0.303101	0.196533	0.200317	
72	0.370361	0.385498	0.123169	0.120972	
73	0.34668	0.343262	0.147217	0.162842	
74	0.306274	0.313232	0.192017	0.188477	
75	0.30603	0.292358	0.20166	0.199951	
76	0.317383	0.317505	0.18042	0.184692	
77	0.344482	0.338379	0.156982	0.160156	
78	0.285034	0.289062	0.213989	0.211914	
79	0.298706	0.303345	0.203979	0.19397	
80	0.368774	0.286011	0.197266	0.147949	
81	0.337646	0.296753	0.194092	0.171509	
82	0.293335	0.293701	0.210693	0.202271	
83	0.294067	0.291138	0.210815	0.203979	
84	0.310669	0.313232	0.18689	0.189209	
85	0.319824	0.32019	0.178467	0.181519	
86	0.285889	0.287231	0.217407	0.209473	
87	0.288208	0.299438	0.213135	0.199219	
88	0.320435	0.323853	0.178101	0.177612	
89	0.327393	0.321045	0.172607	0.178955	
90	0.293335	0.305786	0.197266	0.203613	
91	0.292725	0.290771	0.205811	0.210693	
92	0.312744	0.309937	0.194458	0.182861	
93	0.31604	0.324585	0.178467	0.180908	
94	0.292603	0.293823	0.206543	0.207031	
95	0.288574	0.296387	0.213379	0.20166	
96	0.384155	0.254761	0.206543	0.154541	
97	0.325562	0.28064	0.216064	0.177734	
98	0.284546	0.291138	0.212158	0.212158	
99	0.286621	0.285645	0.21582	0.211914	
100	0.30542	0.29541	0.193481	0.205688	
101	0.311401	0.317139	0.190552	0.180908	
102	0.280518	0.28186	0.212524	0.225098	
103	0.289917	0.289062	0.207275	0.213745	
104	0.341187	0.310791	0.182007	0.166016	
105	0.31897	0.30188	0.194336	0.184814	
106	0.288452	0.290161	0.210449	0.210938	
107	0.300171	0.285645	0.203003	0.211182	
108	0.29541	0.299561	0.206299	0.19873	
109	0.310669	0.310425	0.194214	0.184692	
110	0.289917	0.274902	0.220947	0.214233	
111	0.280396	0.290405	0.211304	0.217896	
112	0.346802	0.279541	0.206055	0.167603	
113	0.31958	0.289307	0.200806	0.190308	
114	0.288452	0.281616	0.213867	0.216064	
115	0.274536	0.290527	0.210449	0.224487	
116	0.294067	0.309937	0.200928	0.195068	
117	0.302856	0.305786	0.200195	0.191162	
118	0.270996	0.285522	0.222778	0.220703	
119	0.28064	0.28479	0.209106	0.225464	
120	0.327271	0.301636	0.188965	0.182129	
121	0.307251	0.306396	0.196411	0.189941	
122	0.283569	0.294678	0.207153	0.2146	
123	0.283936	0.291016	0.210938	0.214111	
124	0.29187	0.294189	0.206421	0.20752	
125	0.302979	0.309082	0.192261	0.195679	
126	0.288086	0.277954	0.222534	0.211426	
127	0.287231	0.274536	0.217773	0.220459	
128	0.385498	0.239136	0.235596	0.139771	
129	0.33252	0.256226	0.230225	0.18103	
130	0.278198	0.275391	0.224731	0.22168	
131	0.278198	0.276855	0.226929	0.218018	
132	0.275757	0.286133	0.210693	0.227417	
133	0.294678	0.296997	0.203857	0.204468	
134	0.271729	0.271484	0.226685	0.230103	
135	0.280029	0.272949	0.228394	0.218628	
136	0.314087	0.30835	0.188599	0.188965	
137	0.306763	0.29541	0.195068	0.202759	
138	0.281982	0.280273	0.215332	0.222412	
139	0.272217	0.276489	0.224854	0.22644	
140	0.281372	0.277588	0.224121	0.216919	
141	0.30603	0.299561	0.192749	0.20166	
142	0.273804	0.266846	0.229492	0.229858	
143	0.279663	0.27356	0.223877	0.2229	
144	0.31604	0.242432	0.24292	0.198608	
145	0.290161	0.27832	0.230225	0.201294	
146	0.261475	0.270752	0.232422	0.235352	
147	0.27832	0.266724	0.22583	0.229126	
148	0.284058	0.280151	0.213623	0.222168	
149	0.283569	0.288208	0.211914	0.216309	
150	0.259033	0.274658	0.231079	0.235229	
151	0.270508	0.268311	0.235596	0.225586	
152	0.277344	0.27771	0.227051	0.217896	
153	0.277222	0.288086	0.216797	0.217896	
154	0.270508	0.266724	0.227173	0.235596	
155	0.266968	0.264404	0.22998	0.238647	
156	0.273682	0.283936	0.218384	0.223999	
157	0.291992	0.285034	0.211304	0.21167	
158	0.269775	0.27002	0.237305	0.2229	
159	0.268921	0.262451	0.234985	0.233643	
160	0.337769	0.237671	0.252075	0.172485	
161	0.309814	0.256226	0.233398	0.200562	
162	0.268433	0.265503	0.227661	0.238403	
163	0.27417	0.272339	0.235596	0.217896	
164	0.271851	0.277954	0.227905	0.22229	
165	0.285278	0.281128	0.214233	0.21936	
166	0.265137	0.27124	0.229858	0.233765	
167	0.266602	0.278931	0.228027	0.22644	
168	0.303711	0.273071	0.220947	0.202271	
169	0.284058	0.276245	0.22644	0.213257	
170	0.268555	0.278442	0.222534	0.230469	
171	0.259277	0.27356	0.234985	0.232178	
172	0.270142	0.275635	0.230957	0.223267	
173	0.288696	0.282837	0.211304	0.217163	
174	0.269043	0.265381	0.239014	0.226562	
175	0.264038	0.265747	0.235107	0.235107	
176	0.296143	0.252319	0.254395	0.197144	
177	0.285034	0.27356	0.228027	0.213379	
178	0.264038	0.271118	0.232056	0.232788	
179	0.263184	0.260498	0.241699	0.234619	
180	0.272095	0.275879	0.22937	0.222656	
181	0.275146	0.273071	0.217529	0.234253	
182	0.269043	0.260742	0.238403	0.231812	
183	0.268799	0.266235	0.235962	0.229004	
184	0.278931	0.259155	0.237427	0.224487	
185	0.276367	0.265869	0.234985	0.222778	
186	0.264893	0.261963	0.232666	0.240479	
187	0.267822	0.265991	0.234131	0.232056	
188	0.282715	0.273804	0.21814	0.225342	
189	0.27417	0.275269	0.225342	0.22522	
190	0.262695	0.266479	0.237183	0.233643	
191	0.271729	0.270874	0.226807	0.230591	
192	0.309448	0.18457	0.315063	0.190918	
193	0.270142	0.194702	0.294067	0.241089	
194	0.239014	0.239746	0.262451	0.258789	
195	0.234131	0.23645	0.258667	0.270752	
196	0.22168	0.216187	0.279907	0.282227	
197	0.229126	0.23584	0.270508	0.264526	
198	0.225586	0.232422	0.2677	0.274292	
199	0.231079	0.237061	0.274658	0.257202	
200	0.247925	0.246704	0.253662	0.251709	
201	0.22876	0.241821	0.265869	0.26355	
202	0.244385	0.247925	0.252075	0.255615	
203	0.236938	0.237671	0.268921	0.25647	
204	0.216064	0.219604	0.27832	0.286011	
205	0.234741	0.234375	0.272461	0.258423	
206	0.240601	0.225342	0.263184	0.270874	
207	0.231689	0.233887	0.267212	0.267212	
208	0.255249	0.197754	0.302856	0.244141	
209	0.246704	0.209839	0.281372	0.262085	
210	0.227905	0.236206	0.273682	0.262207	
211	0.226929	0.236938	0.270508	0.265625	
212	0.214111	0.221436	0.277466	0.286987	
213	0.221069	0.230225	0.280273	0.268433	
214	0.224121	0.230347	0.268921	0.276611	
215	0.233032	0.229614	0.269165	0.268188	
216	0.226807	0.224976	0.274292	0.273926	
217	0.22583	0.219482	0.276245	0.278442	
218	0.236206	0.23645	0.268188	0.259155	
219	0.230225	0.237793	0.265747	0.266235	
220	0.218506	0.22168	0.280762	0.279053	
221	0.225586	0.218872	0.284424	0.271118	
222	0.231201	0.232666	0.271118	0.265015	
223	0.235596	0.229736	0.266602	0.268066	
224	0.277832	0.19104	0.31897	0.212158	
225	0.264893	0.209961	0.286987	0.238159	
226	0.241577	0.237671	0.261475	0.259277	
227	0.238403	0.243286	0.255737	0.262573	
228	0.228271	0.225098	0.267944	0.278687	
229	0.232666	0.234375	0.268188	0.264771	
230	0.236572	0.238525	0.25769	0.267212	
231	0.241211	0.232178	0.257568	0.269043	
232	0.26123	0.210815	0.282227	0.245728	
233	0.236694	0.227295	0.273682	0.262329	
234	0.236816	0.244141	0.252319	0.266724	
235	0.237061	0.235229	0.267944	0.259766	
236	0.220215	0.226807	0.27478	0.278198	
237	0.241577	0.226318	0.274292	0.257812	
238	0.235352	0.238525	0.268433	0.25769	
239	0.226562	0.240967	0.265747	0.266724	
240	0.24646	0.209595	0.290405	0.25354	
241	0.234009	0.208374	0.293091	0.264526	
242	0.234619	0.237549	0.264404	0.263428	
243	0.229736	0.239868	0.260498	0.269897	
244	0.234985	0.215454	0.273438	0.276123	
245	0.227539	0.235474	0.274292	0.262695	
246	0.22937	0.231323	0.269531	0.269775	
247	0.238037	0.242554	0.259644	0.259766	
248	0.237793	0.216797	0.281128	0.264282	
249	0.230713	0.223633	0.279175	0.266479	
250	0.229004	0.233521	0.266846	0.27063	
251	0.234009	0.232788	0.263306	0.269897	
252	0.227905	0.222412	0.277588	0.272095	
253	0.224976	0.236816	0.266113	0.272095	
254	0.228882	0.238037	0.273071	0.26001	
255	0.244263	0.231079	0.264648	0.26001	
256	0.250732	0.241333	0.256958	0.250977	
257	0.252319	0.25354	0.244507	0.249634	
258	0.251953	0.255493	0.24585	0.246704	
259	0.240845	0.251831	0.253906	0.253418	
260	0.246582	0.248047	0.250244	0.255127	
261	0.246338	0.261108	0.243042	0.249512	
262	0.253418	0.253784	0.24939	0.243408	
263	0.247192	0.251953	0.245728	0.255127	
264	0.255371	0.25	0.259521	0.235107	
265	0.25769	0.248047	0.247559	0.246704	
266	0.244507	0.249756	0.254761	0.250977	
267	0.248047	0.249023	0.256348	0.246582	
268	0.245728	0.254517	0.246704	0.253052	
269	0.250122	0.249268	0.252319	0.248291	
270	0.253784	0.243164	0.252441	0.25061	
271	0.249146	0.25354	0.240723	0.256592	
272	0.256714	0.252075	0.246338	0.244873	
273	0.259033	0.251221	0.242065	0.247681	
274	0.258423	0.242065	0.246094	0.253418	
275	0.250122	0.252686	0.251831	0.245361	
276	0.25293	0.252075	0.247314	0.247681	
277	0.245361	0.256348	0.247681	0.25061	
278	0.253784	0.248535	0.255737	0.241943	
279	0.246216	0.255737	0.244629	0.253418	
280	0.25354	0.248535	0.250977	0.246948	
281	0.248901	0.248291	0.258057	0.244751	
282	0.256958	0.244629	0.249268	0.249146	
283	0.259277	0.243042	0.251343	0.246338	
284	0.251831	0.243286	0.248413	0.25647	
285	0.250854	0.254517	0.250244	0.244385	
286	0.254028	0.248291	0.253662	0.244019	
287	0.248169	0.246948	0.256226	0.248657	
288	0.254517	0.249634	0.246948	0.248901	
289	0.247681	0.249756	0.255493	0.24707	
290	0.258057	0.252319	0.240234	0.24939	
291	0.255737	0.248291	0.25061	0.245361	
292	0.252319	0.253784	0.242432	0.251465	
293	0.258423	0.254639	0.242676	0.244263	
294	0.25354	0.244263	0.253418	0.248779	
295	0.24646	0.24707	0.254028	0.252441	
296	0.249878	0.260742	0.240967	0.248413	
297	0.247803	0.264404	0.244263	0.24353	
298	0.239258	0.256592	0.245605	0.258545	
299	0.255005	0.245361	0.244385	0.255249	
300	0.248047	0.255737	0.256958	0.239258	
301	0.254272	0.244385	0.249023	0.252319	
302	0.245972	0.250366	0.260498	0.243164	
303	0.250977	0.249023	0.253784	0.246216	
304	0.249878	0.247437	0.246704	0.255981	
305	0.245239	0.254028	0.249268	0.251465	
306	0.250732	0.247192	0.252686	0.24939	
307	0.249146	0.254517	0.244385	0.251953	
308	0.250488	0.255005	0.240112	0.254395	
309	0.261719	0.255859	0.247314	0.235107	
310	0.248901	0.247925	0.253296	0.249878	
311	0.249512	0.244995	0.255493	0.25	
312	0.247192	0.250122	0.25415	0.248535	
313	0.244629	0.25708	0.244263	0.254028	
314	0.248901	0.25293	0.250366	0.247803	
315	0.255615	0.244629	0.25	0.249756	
316	0.254761	0.252808	0.249268	0.243164	
317	0.255859	0.248169	0.252441	0.24353	
318	0.254395	0.251587	0.249268	0.244751	
319	0.248291	0.253296	0.252808	0.245605	
320	0.256592	0.246948	0.24939	0.24707	
321	0.248779	0.25415	0.242798	0.254272	
322	0.250732	0.254395	0.25	0.244873	
323	0.244385	0.254395	0.247314	0.253906	
324	0.251709	0.249756	0.249146	0.24939	
325	0.245972	0.252197	0.248657	0.253174	
326	0.250732	0.249512	0.252563	0.247192	
327	0.248169	0.250854	0.252197	0.248779	
328	0.246216	0.255859	0.248047	0.249878	
329	0.251709	0.248047	0.248901	0.251343	
330	0.244141	0.249023	0.254272	0.252563	
331	0.245605	0.254517	0.248779	0.251099	
332	0.246704	0.252075	0.248657	0.252563	
333	0.248657	0.254883	0.244019	0.252441	
334	0.238281	0.255249	0.259766	0.246704	
335	0.251465	0.250854	0.253784	0.243896	
336	0.248779	0.244751	0.252686	0.253784	
337	0.248169	0.241089	0.257324	0.253418	
338	0.257202	0.240601	0.254883	0.247314	
339	0.246216	0.248535	0.252441	0.252808	
340	0.244873	0.251221	0.251709	0.252197	
341	0.246094	0.260376	0.249146	0.244385	
342	0.252197	0.247925	0.248169	0.251709	
343	0.243408	0.24939	0.257202	0.25	
344	0.256348	0.247437	0.250732	0.245483	
345	0.248413	0.258545	0.24353	0.249512	
346	0.254028	0.242676	0.248047	0.255249	
347	0.252686	0.243042	0.25647	0.247803	
348	0.24585	0.253784	0.24939	0.250977	
349	0.245972	0.25769	0.243652	0.252686	
350	0.248535	0.246826	0.245972	0.258667	
351	0.241577	0.248779	0.254639	0.255005	
352	0.244385	0.251831	0.251709	0.252075	
353	0.259888	0.247681	0.247314	0.245117	
354	0.250366	0.248901	0.253052	0.247681	
355	0.247192	0.250854	0.252319	0.249634	
356	0.242554	0.248413	0.250366	0.258667	
357	0.254517	0.251709	0.256348	0.237427	
358	0.262573	0.241943	0.247559	0.247925	
359	0.250366	0.250488	0.243164	0.255981	
360	0.254761	0.249512	0.251221	0.244507	
361	0.255859	0.25293	0.24292	0.248291	
362	0.249634	0.25647	0.253174	0.240723	
363	0.251099	0.256226	0.249146	0.24353	
364	0.250732	0.253418	0.24939	0.24646	
365	0.248413	0.251587	0.24707	0.25293	
366	0.246338	0.244507	0.254272	0.254883	
367	0.25293	0.249268	0.250366	0.247437	
368	0.247925	0.262817	0.247314	0.241943	
369	0.258179	0.245728	0.247437	0.248657	
370	0.245117	0.248657	0.250977	0.255249	
371	0.257568	0.247314	0.257568	0.237549	
372	0.254761	0.250732	0.24292	0.251587	
373	0.24939	0.257812	0.24646	0.246338	
374	0.245117	0.243652	0.253296	0.257935	
375	0.245361	0.248169	0.253052	0.253418	
376	0.258911	0.253418	0.23877	0.248901	
377	0.257324	0.245239	0.253052	0.244385	
378	0.252319	0.252319	0.250854	0.244507	
379	0.248779	0.243896	0.254761	0.252563	
380	0.261108	0.249023	0.250732	0.239136	
381	0.255249	0.25647	0.245728	0.242554	
382	0.234741	0.251709	0.25647	0.25708	
383	0.247559	0.247681	0.252563	0.252197	
384	0.35376	0.207031	0.276978	0.162231	
385	0.299072	0.228149	0.269287	0.203491	
386	0.237061	0.239258	0.262085	0.261597	
387	0.244263	0.247437	0.254395	0.253906	
388	0.244507	0.255127	0.247192	0.253174	
389	0.260254	0.267456	0.232056	0.240234	
390	0.259399	0.249023	0.247437	0.244141	
391	0.236084	0.25293	0.258179	0.252808	
392	0.275635	0.281006	0.223999	0.21936	
393	0.27124	0.26123	0.236328	0.231201	
394	0.235107	0.239502	0.260132	0.265259	
395	0.242188	0.236938	0.254883	0.265991	
396	0.254028	0.255859	0.248413	0.241699	
397	0.267578	0.266235	0.245728	0.220459	
398	0.239746	0.258423	0.248535	0.253296	
399	0.239014	0.243408	0.254761	0.262817	
400	0.291626	0.224243	0.271484	0.212646	
401	0.269409	0.243164	0.259033	0.228394	
402	0.243042	0.242065	0.259644	0.255249	
403	0.251953	0.243408	0.248779	0.255859	
404	0.240723	0.266113	0.241577	0.251587	
405	0.256958	0.255005	0.244141	0.243896	
406	0.255005	0.24707	0.248413	0.249512	
407	0.244629	0.253784	0.256714	0.244873	
408	0.255371	0.256104	0.244263	0.244263	
409	0.245972	0.251709	0.252563	0.249756	
410	0.246948	0.250854	0.25	0.252197	
411	0.253174	0.248413	0.246216	0.252197	
412	0.246582	0.247925	0.250732	0.254761	
413	0.254272	0.258911	0.236938	0.249878	
414	0.249023	0.250854	0.242432	0.25769	
415	0.244141	0.25708	0.248169	0.25061	
416	0.317139	0.209473	0.283936	0.189453	
417	0.287598	0.22644	0.268188	0.217773	
418	0.249512	0.245239	0.255127	0.250122	
419	0.256592	0.245728	0.252319	0.245361	
420	0.246948	0.255371	0.245117	0.252563	
421	0.25	0.255371	0.24939	0.245239	
422	0.251831	0.253784	0.245605	0.248779	
423	0.241943	0.257812	0.25293	0.247314	
424	0.275757	0.248047	0.254639	0.221558	
425	0.263672	0.24585	0.251221	0.239258	
426	0.249268	0.249634	0.253296	0.247803	
427	0.246582	0.250366	0.254028	0.249023	
428	0.244385	0.251099	0.241455	0.263062	
429	0.256226	0.253174	0.239136	0.251465	
430	0.250366	0.258301	0.242065	0.249268	
431	0.242798	0.251709	0.252563	0.25293	
432	0.27832	0.234497	0.259033	0.228149	
433	0.272827	0.235352	0.258423	0.233398	
434	0.241943	0.249878	0.253906	0.254272	
435	0.247437	0.25061	0.251953	0.25	
436	0.258789	0.252686	0.249146	0.23938	
437	0.24939	0.252686	0.250488	0.247437	
438	0.257812	0.244019	0.24939	0.248779	
439	0.249634	0.249634	0.252441	0.248291	
440	0.261108	0.250854	0.255493	0.232544	
441	0.251587	0.254395	0.253174	0.240845	
442	0.248291	0.249634	0.256592	0.245483	
443	0.249756	0.25	0.247559	0.252686	
444	0.251221	0.249268	0.251099	0.248413	
445	0.25	0.256592	0.249146	0.244263	
446	0.248901	0.254761	0.241211	0.255127	
447	0.262451	0.246826	0.242676	0.248047	
448	0.348022	0.212158	0.269531	0.170288	
449	0.296265	0.236694	0.257446	0.209595	
450	0.24353	0.237061	0.264038	0.255371	
451	0.249146	0.246704	0.255493	0.248657	
452	0.258057	0.25	0.245972	0.245972	
453	0.266846	0.266846	0.227051	0.239258	
454	0.239746	0.25293	0.248169	0.259155	
455	0.241455	0.248413	0.257812	0.252319	
456	0.278809	0.287354	0.216309	0.217529	
457	0.263184	0.268188	0.238892	0.229736	
458	0.231934	0.241089	0.263428	0.26355	
459	0.234863	0.25354	0.257935	0.253662	
460	0.254761	0.24646	0.24707	0.251709	
461	0.266357	0.271606	0.227295	0.234741	
462	0.251587	0.251587	0.250854	0.245972	
463	0.253174	0.236816	0.260864	0.249146	
464	0.288208	0.222656	0.28064	0.208496	
465	0.269043	0.244019	0.264404	0.222534	
466	0.23645	0.247925	0.257446	0.258179	
467	0.254639	0.250122	0.241455	0.253784	
468	0.245117	0.253784	0.241455	0.259644	
469	0.250366	0.253052	0.249756	0.246826	
470	0.252563	0.251709	0.248779	0.246948	
471	0.242798	0.257324	0.252075	0.247803	
472	0.253052	0.261841	0.244751	0.240356	
473	0.25354	0.247803	0.249878	0.248779	
474	0.247681	0.242554	0.255127	0.254639	
475	0.256226	0.240601	0.247437	0.255737	
476	0.247803	0.249023	0.253906	0.249268	
477	0.247314	0.258057	0.244995	0.249634	
478	0.255127	0.247681	0.250244	0.246948	
479	0.250366	0.249878	0.248413	0.251343	
480	0.304199	0.213135	0.285889	0.196777	
481	0.283447	0.226318	0.266846	0.223389	
482	0.252563	0.243286	0.250977	0.253174	
483	0.251465	0.240845	0.253906	0.253784	
484	0.243896	0.246826	0.254883	0.254395	
485	0.264282	0.245728	0.247437	0.242554	
486	0.257202	0.249146	0.249756	0.243896	
487	0.249023	0.246582	0.251709	0.252686	
488	0.280273	0.237305	0.260132	0.22229	
489	0.262329	0.246704	0.245972	0.244995	
490	0.242065	0.252197	0.250122	0.255615	
491	0.242554	0.251099	0.247925	0.258423	
492	0.24939	0.241455	0.250244	0.258911	
493	0.258545	0.257324	0.238647	0.245483	
494	0.243774	0.24939	0.248291	0.258545	
495	0.246216	0.251953	0.250732	0.251099	
496	0.273438	0.241943	0.263672	0.220947	
497	0.25647	0.237305	0.265991	0.240234	
498	0.24353	0.245483	0.25293	0.258057	
499	0.248657	0.253296	0.237915	0.260132	
500	0.248169	0.247314	0.250732	0.253784	
501	0.243896	0.257202	0.251221	0.247681	
502	0.25061	0.239624	0.256348	0.253418	
503	0.252441	0.250244	0.245361	0.251953	
504	0.264526	0.245483	0.254517	0.235474	
505	0.254883	0.242554	0.255249	0.247314	
506	0.24646	0.253662	0.250732	0.249146	
507	0.252563	0.241821	0.256836	0.248779	
508	0.25354	0.244385	0.252319	0.249756	
509	0.253174	0.253662	0.25415	0.239014	
510	0.242798	0.248779	0.256348	0.252075	
511	0.259033	0.249512	0.247559	0.243896	
512	0.469604	0.2854	0.155396	0.0895996	
513	0.392334	0.296631	0.168335	0.1427	
514	0.320557	0.300171	0.192139	0.187134	
515	0.296265	0.296143	0.205933	0.20166	
516	0.30835	0.318115	0.186035	0.1875	
517	0.343872	0.345215	0.157837	0.153076	
518	0.28894	0.290894	0.207153	0.213013	
519	0.303345	0.29248	0.196167	0.208008	
520	0.374756	0.364136	0.128052	0.133057	
521	0.33667	0.351318	0.158569	0.153442	
522	0.302856	0.310791	0.197754	0.188599	
523	0.297974	0.295898	0.204346	0.201782	
524	0.312866	0.315674	0.189087	0.182373	
525	0.345337	0.345947	0.155396	0.15332	
526	0.291138	0.291016	0.207886	0.209961	
527	0.308594	0.296997	0.199219	0.19519	
528	0.346436	0.276001	0.206421	0.171143	
529	0.336548	0.30542	0.193848	0.164185	
530	0.288208	0.293945	0.209351	0.208496	
531	0.286865	0.29187	0.211304	0.209961	
532	0.305542	0.311035	0.192871	0.190552	
533	0.321777	0.319702	0.176636	0.181885	
534	0.294678	0.287109	0.208862	0.209351	
535	0.287598	0.291748	0.208252	0.212402	
536	0.312622	0.313477	0.179321	0.19458	
537	0.31604	0.326294	0.177979	0.179688	
538	0.290405	0.291138	0.208008	0.210449	
539	0.289673	0.29895	0.202271	0.209106	
540	0.316162	0.308838	0.186523	0.188477	
541	0.320435	0.311646	0.184448	0.183472	
542	0.286133	0.287231	0.212891	0.213745	
543	0.288452	0.295654	0.206055	0.209839	
544	0.390259	0.260742	0.207764	0.141235	
545	0.337524	0.281372	0.208496	0.172607	
546	0.297241	0.290405	0.207642	0.204712	
547	0.282227	0.281616	0.211182	0.224976	
548	0.296997	0.300781	0.196655	0.205566	
549	0.309814	0.316162	0.191406	0.182617	
550	0.284668	0.278687	0.217896	0.21875	
551	0.286499	0.283691	0.21582	0.213989	
552	0.358521	0.288208	0.186279	0.166992	
553	0.322876	0.294312	0.199951	0.182861	
554	0.284546	0.297119	0.212158	0.206177	
555	0.287476	0.293823	0.208984	0.209717	
556	0.306274	0.290161	0.199951	0.203613	
557	0.310303	0.318359	0.18811	0.183228	
558	0.285156	0.281616	0.220703	0.212524	
559	0.279053	0.282959	0.217651	0.220337	
560	0.329712	0.273926	0.212158	0.184204	
561	0.314941	0.290894	0.193604	0.200562	
562	0.281738	0.276367	0.223999	0.217896	
563	0.286743	0.279053	0.215576	0.218628	
564	0.299927	0.299561	0.202271	0.198242	
565	0.299438	0.304443	0.203979	0.192139	
566	0.293945	0.271484	0.220093	0.214478	
567	0.28186	0.282715	0.222412	0.213013	
568	0.315063	0.290405	0.204834	0.189697	
569	0.306152	0.310425	0.193604	0.189819	
570	0.278931	0.282349	0.221069	0.217651	
571	0.281738	0.282471	0.218262	0.217529	
572	0.311646	0.297974	0.191772	0.198608	
573	0.297485	0.29541	0.204956	0.202148	
574	0.279907	0.284546	0.218628	0.216919	
575	0.283813	0.281616	0.21228	0.22229	
576	0.466064	0.281006	0.157471	0.095459	
577	0.391235	0.293701	0.169312	0.145752	
578	0.312256	0.313843	0.187866	0.186035	
579	0.302856	0.305664	0.196655	0.194824	
580	0.31543	0.311035	0.179688	0.193848	
581	0.330688	0.347656	0.162231	0.159424	
582	0.28894	0.288452	0.214478	0.20813	
583	0.298584	0.297119	0.204468	0.199829	
584	0.380127	0.377563	0.124512	0.117798	
585	0.349243	0.341309	0.155396	0.154053	
586	0.311401	0.3125	0.194702	0.181396	
587	0.30603	0.295044	0.205078	0.193848	
588	0.318115	0.30542	0.18457	0.191895	
589	0.339478	0.345215	0.15686	0.158447	
590	0.296021	0.291016	0.197632	0.215332	
591	0.300293	0.302734	0.19458	0.202393	
592	0.373047	0.283203	0.19812	0.14563	
593	0.342529	0.291992	0.195068	0.17041	
594	0.278076	0.30481	0.213501	0.203613	
595	0.286987	0.294434	0.204956	0.213623	
596	0.315063	0.314453	0.179688	0.190796	
597	0.318115	0.315063	0.187378	0.179443	
598	0.291992	0.283447	0.211426	0.213135	
599	0.295776	0.286377	0.215576	0.202271	
600	0.33313	0.325073	0.166626	0.175171	
601	0.312622	0.319824	0.186401	0.181152	
602	0.290649	0.291626	0.213745	0.203979	
603	0.283569	0.290527	0.20874	0.217163	
604	0.313232	0.308716	0.189697	0.188354	
605	0.311401	0.324463	0.181641	0.182495	
606	0.286865	0.286499	0.217285	0.209351	
607	0.291504	0.286987	0.212769	0.20874	
608	0.385132	0.262207	0.207275	0.145386	
609	0.335449	0.283203	0.201172	0.180176	
610	0.283447	0.292725	0.212036	0.211792	
611	0.289429	0.289551	0.206299	0.214722	
612	0.299561	0.303955	0.202515	0.19397	
613	0.304932	0.30957	0.190796	0.194702	
614	0.286987	0.281616	0.21167	0.219727	
615	0.289062	0.283447	0.213135	0.214355	
616	0.333862	0.310425	0.188843	0.16687	
617	0.326294	0.302002	0.188599	0.183105	
618	0.283203	0.288574	0.211792	0.216431	
619	0.284668	0.288818	0.206909	0.219604	
620	0.299683	0.300049	0.19873	0.201538	
621	0.312744	0.312256	0.192383	0.182617	
622	0.286255	0.274902	0.211548	0.227295	
623	0.285889	0.292725	0.204834	0.216553	
624	0.335205	0.281372	0.208496	0.174927	
625	0.309692	0.300293	0.202759	0.187256	
626	0.293823	0.270874	0.21936	0.215942	
627	0.27832	0.292969	0.213257	0.215454	
628	0.294678	0.303345	0.198486	0.203491	
629	0.316162	0.299194	0.194458	0.190186	
630	0.275635	0.284424	0.221191	0.21875	
631	0.281616	0.291382	0.209351	0.217651	
632	0.320679	0.307373	0.196045	0.175903	
633	0.322144	0.30127	0.191772	0.184814	
634	0.274048	0.282104	0.214722	0.229126	
635	0.279419	0.277222	0.221558	0.221802	
636	0.295654	0.301025	0.202881	0.200439	
637	0.312256	0.296997	0.194336	0.196411	
638	0.284058	0.28418	0.214355	0.217407	
639	0.282104	0.280884	0.219849	0.217163	
640	0.392456	0.234985	0.227905	0.144653	
641	0.344849	0.251465	0.224854	0.178833	
642	0.277954	0.286499	0.212891	0.222656	
643	0.270874	0.282104	0.222168	0.224854	
644	0.27771	0.287598	0.22229	0.212402	
645	0.293091	0.299438	0.203491	0.203979	
646	0.265137	0.269043	0.231934	0.233887	
647	0.283447	0.27356	0.217651	0.225342	
648	0.305298	0.319214	0.187988	0.1875	
649	0.297607	0.299805	0.197266	0.205322	
650	0.287476	0.279663	0.220337	0.212524	
651	0.275879	0.274658	0.229492	0.219971	
652	0.283569	0.287598	0.210449	0.218384	
653	0.301147	0.290161	0.204956	0.203735	
654	0.263916	0.269897	0.233154	0.233032	
655	0.277588	0.270386	0.227173	0.224854	
656	0.315186	0.248413	0.252686	0.183716	
657	0.294434	0.264282	0.234375	0.206909	
658	0.275513	0.273193	0.221802	0.229492	
659	0.2771	0.263428	0.234741	0.224731	
660	0.279907	0.283813	0.213989	0.22229	
661	0.281006	0.28772	0.216064	0.21521	
662	0.271484	0.268799	0.229858	0.229858	
663	0.271851	0.270386	0.228394	0.22937	
664	0.27417	0.280151	0.220581	0.225098	
665	0.28479	0.286743	0.219727	0.20874	
666	0.274536	0.264648	0.23645	0.224365	
667	0.258545	0.275635	0.23645	0.22937	
668	0.282593	0.284668	0.218384	0.214355	
669	0.292969	0.270264	0.217285	0.219482	
670	0.270264	0.270264	0.227539	0.231934	
671	0.272217	0.262939	0.2323	0.232544	
672	0.335815	0.229736	0.257446	0.177002	
673	0.308594	0.259033	0.234253	0.19812	
674	0.266235	0.276367	0.227783	0.229614	
675	0.263306	0.26709	0.231445	0.238159	
676	0.267456	0.276611	0.231323	0.224609	
677	0.278564	0.276123	0.22876	0.216553	
678	0.262939	0.268066	0.234009	0.234985	
679	0.269165	0.268799	0.233643	0.228394	
680	0.314819	0.262085	0.220337	0.202759	
681	0.287842	0.267456	0.228516	0.216187	
682	0.265869	0.271484	0.235229	0.227417	
683	0.269043	0.268066	0.226929	0.235962	
684	0.271973	0.280029	0.223389	0.224609	
685	0.279785	0.275391	0.219116	0.225708	
686	0.257935	0.268433	0.229248	0.244385	
687	0.265869	0.267334	0.231079	0.235718	
688	0.293091	0.250122	0.237671	0.219116	
689	0.290771	0.26416	0.231079	0.213989	
690	0.277466	0.259644	0.240723	0.222168	
691	0.262939	0.262817	0.22937	0.244873	
692	0.273193	0.272583	0.221558	0.232666	
693	0.277466	0.278564	0.215698	0.228271	
694	0.272583	0.262085	0.238159	0.227173	
695	0.263062	0.263794	0.237793	0.235352	
696	0.286255	0.260376	0.234619	0.21875	
697	0.283569	0.270996	0.235229	0.210205	
698	0.26416	0.266602	0.231934	0.237305	
699	0.271606	0.274658	0.230835	0.2229	
700	0.274048	0.271606	0.22876	0.225586	
701	0.274658	0.270264	0.228027	0.227051	
702	0.266846	0.264526	0.237915	0.230713	
703	0.269775	0.268311	0.230225	0.231689	
704	0.315308	0.196289	0.306641	0.181763	
705	0.264893	0.20166	0.299072	0.234375	
706	0.240479	0.247192	0.265015	0.247314	
707	0.232544	0.237793	0.263062	0.266602	
708	0.221313	0.208862	0.29126	0.278564	
709	0.238037	0.227661	0.278687	0.255615	
710	0.231567	0.23645	0.269409	0.262573	
711	0.23584	0.232666	0.265747	0.265747	
712	0.248047	0.249756	0.262207	0.23999	
713	0.227295	0.233521	0.267334	0.271851	
714	0.244507	0.243652	0.258057	0.253784	
715	0.230835	0.24292	0.26123	0.265015	
716	0.213257	0.219727	0.291626	0.275391	
717	0.233032	0.233276	0.267334	0.266357	
718	0.227051	0.236084	0.265015	0.271851	
719	0.239624	0.232422	0.268188	0.259766	
720	0.254517	0.203247	0.312256	0.22998	
721	0.23584	0.210205	0.292603	0.261353	
722	0.22522	0.240234	0.260376	0.27417	
723	0.223145	0.23584	0.269409	0.271606	
724	0.213135	0.210815	0.29248	0.283569	
725	0.220825	0.227173	0.269775	0.282227	
726	0.232056	0.227661	0.26709	0.273193	
727	0.232544	0.227661	0.267822	0.271973	
728	0.226074	0.230347	0.270752	0.272827	
729	0.223145	0.223755	0.273071	0.280029	
730	0.238525	0.234131	0.259155	0.268188	
731	0.234619	0.223511	0.2771	0.264771	
732	0.218018	0.213379	0.282349	0.286255	
733	0.213989	0.216187	0.285767	0.284058	
734	0.227539	0.229614	0.266113	0.276733	
735	0.236694	0.233765	0.26355	0.265991	
736	0.285522	0.18811	0.314087	0.21228	
737	0.255737	0.196289	0.295166	0.252808	
738	0.240234	0.240845	0.265503	0.253418	
739	0.227783	0.237305	0.275513	0.259399	
740	0.218018	0.231567	0.276123	0.274292	
741	0.234131	0.231323	0.267578	0.266968	
742	0.236328	0.238525	0.26416	0.260986	
743	0.245728	0.232788	0.269653	0.251831	
744	0.252686	0.226562	0.274536	0.246216	
745	0.246826	0.227173	0.267212	0.258789	
746	0.237671	0.236816	0.255493	0.27002	
747	0.238403	0.231567	0.262085	0.267944	
748	0.220581	0.234131	0.265747	0.279541	
749	0.233032	0.228882	0.265137	0.272949	
750	0.241333	0.226807	0.266479	0.265381	
751	0.233398	0.234863	0.265869	0.265869	
752	0.256104	0.209717	0.285889	0.248291	
753	0.23999	0.224609	0.281616	0.253784	
754	0.237183	0.236572	0.264526	0.261719	
755	0.236694	0.22937	0.267456	0.266479	
756	0.223633	0.229492	0.273804	0.273071	
757	0.226074	0.225586	0.27478	0.27356	
758	0.239502	0.224854	0.269897	0.265747	
759	0.240479	0.235474	0.268799	0.255249	
760	0.251587	0.223145	0.275269	0.25	
761	0.235474	0.228394	0.275391	0.260742	
762	0.230347	0.226929	0.275635	0.26709	
763	0.234131	0.233521	0.254272	0.278076	
764	0.223145	0.224854	0.275146	0.276855	
765	0.234375	0.236206	0.268677	0.260742	
766	0.230591	0.238037	0.265503	0.265869	
767	0.239868	0.234985	0.255615	0.269531	
768	0.249023	0.24292	0.248413	0.259644	
769	0.255249	0.247314	0.248047	0.24939	
770	0.25061	0.248535	0.252319	0.248535	
771	0.257324	0.244751	0.247925	0.25	
772	0.253052	0.247925	0.249023	0.25	
773	0.251587	0.24707	0.246704	0.254639	
774	0.256104	0.249146	0.250122	0.244629	
775	0.252197	0.254883	0.244873	0.248047	
776	0.249512	0.252319	0.245728	0.252441	
777	0.25354	0.249268	0.247314	0.249878	
778	0.244507	0.258789	0.251831	0.244873	
779	0.241943	0.256714	0.245605	0.255737	
780	0.248169	0.249756	0.252686	0.24939	
781	0.249634	0.242676	0.253906	0.253784	
782	0.249634	0.252808	0.247803	0.249756	
783	0.249146	0.253662	0.251465	0.245728	
784	0.256104	0.243774	0.251831	0.248291	
785	0.254028	0.251465	0.250977	0.24353	
786	0.254395	0.253174	0.242676	0.249756	
787	0.248657	0.24292	0.254395	0.254028	
788	0.251831	0.248901	0.249268	0.25	
789	0.247437	0.25293	0.251587	0.248047	
790	0.246704	0.242065	0.253174	0.258057	
791	0.259766	0.253418	0.239502	0.247314	
792	0.239136	0.259155	0.254272	0.247437	
793	0.248535	0.252563	0.251221	0.247681	
794	0.25061	0.244141	0.255249	0.25	
795	0.254395	0.260498	0.237915	0.247192	
796	0.250244	0.240356	0.249878	0.259521	
797	0.244263	0.250122	0.256958	0.248657	
798	0.243774	0.256714	0.245605	0.253906	
799	0.249146	0.250732	0.248779	0.251343	
800	0.258911	0.254395	0.245483	0.241211	
801	0.256348	0.246948	0.245483	0.251221	
802	0.249512	0.258789	0.24585	0.24585	
803	0.246338	0.247314	0.25769	0.248657	
804	0.252197	0.255371	0.242676	0.249756	
805	0.252075	0.263428	0.239868	0.244629	
806	0.243652	0.253418	0.258301	0.244629	
807	0.252075	0.249634	0.249634	0.248657	
808	0.251953	0.253906	0.241821	0.252319	
809	0.255005	0.255249	0.248657	0.241089	
810	0.247192	0.255981	0.252197	0.244629	
811	0.243042	0.247925	0.253662	0.255371	
812	0.270752	0.255371	0.237671	0.236206	
813	0.257202	0.249634	0.242188	0.250977	
814	0.246582	0.255127	0.248779	0.249512	
815	0.244507	0.253296	0.246704	0.255493	
816	0.249878	0.260986	0.242676	0.24646	
817	0.258911	0.241089	0.247437	0.252563	
818	0.25	0.258667	0.240112	0.251221	
819	0.246582	0.253418	0.25354	0.24646	
820	0.246216	0.251099	0.251709	0.250977	
821	0.254517	0.252808	0.242554	0.250122	
822	0.254639	0.245605	0.244019	0.255737	
823	0.237427	0.258179	0.251221	0.253174	
824	0.257812	0.248901	0.247192	0.246094	
825	0.249878	0.250854	0.244873	0.254395	
826	0.245239	0.254272	0.245972	0.254517	
827	0.248413	0.259888	0.24292	0.248779	
828	0.242188	0.260132	0.25293	0.244751	
829	0.252808	0.251831	0.244995	0.250366	
830	0.248779	0.251343	0.258789	0.241089	
831	0.241821	0.240967	0.259766	0.257446	
832	0.248901	0.242188	0.257202	0.251709	
833	0.250366	0.250366	0.247559	0.251709	
834	0.252563	0.245239	0.248169	0.254028	
835	0.25061	0.254028	0.250244	0.245117	
836	0.252563	0.253174	0.24707	0.247192	
837	0.244873	0.255859	0.243652	0.255615	
838	0.251709	0.246948	0.247437	0.253906	
839	0.245239	0.254883	0.246826	0.253052	
840	0.250122	0.250366	0.250977	0.248535	
841	0.250244	0.241699	0.252563	0.255493	
842	0.24939	0.247437	0.246094	0.25708	
843	0.246094	0.252197	0.253174	0.248535	
844	0.253296	0.247192	0.246216	0.253296	
845	0.247314	0.251953	0.248657	0.252075	
846	0.244873	0.247925	0.257202	0.25	
847	0.245361	0.260864	0.245972	0.247803	
848	0.238159	0.256714	0.245239	0.259888	
849	0.246582	0.252197	0.252563	0.248657	
850	0.246826	0.246826	0.254639	0.251709	
851	0.257202	0.250122	0.245361	0.247314	
852	0.249146	0.245972	0.246826	0.258057	
853	0.240845	0.251099	0.24939	0.258667	
854	0.252075	0.252563	0.245605	0.249756	
855	0.256958	0.247559	0.243042	0.252441	
856	0.256592	0.242676	0.252319	0.248413	
857	0.254639	0.243774	0.249146	0.252441	
858	0.241821	0.240112	0.252197	0.265869	
859	0.251099	0.245483	0.258911	0.244507	
860	0.255737	0.246582	0.247681	0.25	
861	0.251465	0.24707	0.250732	0.250732	
862	0.256104	0.250977	0.247925	0.244995	
863	0.251709	0.248657	0.254395	0.245239	
864	0.252441	0.249268	0.250488	0.247803	
865	0.251587	0.25708	0.24939	0.241943	
866	0.25061	0.245361	0.256104	0.247925	
867	0.249878	0.252808	0.241821	0.255493	
868	0.252563	0.260254	0.250488	0.236694	
869	0.248779	0.264893	0.247925	0.238403	
870	0.259521	0.248291	0.246582	0.245605	
871	0.25293	0.246948	0.255981	0.244141	
872	0.253662	0.254395	0.244385	0.247559	
873	0.256226	0.256592	0.244019	0.243164	
874	0.250854	0.256104	0.252808	0.240234	
875	0.249268	0.245483	0.250488	0.254761	
876	0.251343	0.24939	0.242065	0.257202	
877	0.256226	0.247192	0.25293	0.243652	
878	0.253174	0.247803	0.253296	0.245728	
879	0.250732	0.254517	0.246094	0.248657	
880	0.25769	0.244019	0.247192	0.251099	
881	0.264771	0.248413	0.244629	0.242188	
882	0.242432	0.258179	0.251831	0.247559	
883	0.246216	0.251709	0.251831	0.250244	
884	0.252319	0.253906	0.250244	0.24353	
885	0.25415	0.250366	0.244385	0.251099	
886	0.248657	0.244019	0.254883	0.252441	
887	0.243896	0.259277	0.254272	0.242554	
888	0.251831	0.250977	0.246582	0.25061	
889	0.247192	0.25708	0.246582	0.249146	
890	0.252686	0.25	0.249756	0.247559	
891	0.25354	0.250488	0.245972	0.25	
892	0.246094	0.248291	0.256592	0.249023	
893	0.253784	0.24707	0.243408	0.255737	
894	0.248169	0.246826	0.250488	0.254517	
895	0.251587	0.24646	0.245483	0.25647	
896	0.347534	0.209595	0.277832	0.165039	
897	0.30542	0.232666	0.257812	0.204102	
898	0.243042	0.233643	0.260254	0.263062	
899	0.241211	0.244507	0.257568	0.256714	
900	0.252563	0.24939	0.252197	0.24585	
901	0.255371	0.275024	0.22937	0.240234	
902	0.254028	0.25	0.241089	0.254883	
903	0.247925	0.245605	0.251709	0.254761	
904	0.282593	0.282715	0.221313	0.213379	
905	0.264526	0.271973	0.233765	0.229736	
906	0.233887	0.244385	0.257202	0.264526	
907	0.242432	0.249146	0.250244	0.258179	
908	0.251709	0.243774	0.248779	0.255737	
909	0.26001	0.272217	0.234619	0.233154	
910	0.253418	0.250854	0.242676	0.253052	
911	0.245972	0.245239	0.251343	0.257446	
912	0.28418	0.225586	0.277344	0.212891	
913	0.273315	0.235718	0.260742	0.230225	
914	0.247437	0.246338	0.253784	0.252441	
915	0.254395	0.250854	0.254272	0.240479	
916	0.250977	0.251831	0.238892	0.258301	
917	0.254883	0.257202	0.237183	0.250732	
918	0.247803	0.249512	0.246582	0.256104	
919	0.252075	0.249756	0.255859	0.24231	
920	0.26062	0.262207	0.243042	0.234131	
921	0.256226	0.256714	0.246948	0.240112	
922	0.243896	0.237915	0.255127	0.263062	
923	0.250732	0.255127	0.243774	0.250366	
924	0.250122	0.247314	0.255493	0.24707	
925	0.258667	0.249512	0.244263	0.247559	
926	0.244873	0.259521	0.244995	0.25061	
927	0.249634	0.249756	0.248047	0.252563	
928	0.316772	0.215454	0.274658	0.193115	
929	0.283813	0.233521	0.263184	0.219482	
930	0.243286	0.254395	0.244751	0.257568	
931	0.243042	0.24939	0.262573	0.244995	
932	0.255371	0.252319	0.252686	0.239624	
933	0.265015	0.259277	0.247437	0.228271	
934	0.250488	0.24939	0.249268	0.250854	
935	0.249268	0.253174	0.253418	0.244141	
936	0.282104	0.249756	0.251587	0.216553	
937	0.268677	0.242432	0.254028	0.234863	
938	0.247314	0.242188	0.25647	0.254028	
939	0.251831	0.250854	0.251831	0.245483	
940	0.251221	0.246216	0.251587	0.250977	
941	0.264038	0.248291	0.252563	0.235107	
942	0.248047	0.246582	0.256592	0.248779	
943	0.243042	0.256836	0.244873	0.255249	
944	0.280151	0.233887	0.259033	0.226929	
945	0.265503	0.243774	0.250854	0.239868	
946	0.243652	0.24707	0.256714	0.252563	
947	0.246582	0.254028	0.248413	0.250977	
948	0.23999	0.253662	0.247803	0.258545	
949	0.24939	0.260986	0.238159	0.251465	
950	0.245117	0.251221	0.254395	0.249268	
951	0.245605	0.251831	0.255493	0.24707	
952	0.260254	0.248291	0.249634	0.241821	
953	0.266602	0.253052	0.247437	0.23291	
954	0.250977	0.244751	0.248657	0.255615	
955	0.244507	0.247925	0.251465	0.256104	
956	0.256592	0.250488	0.241943	0.250977	
957	0.255981	0.252686	0.248413	0.24292	
958	0.244995	0.254761	0.250854	0.24939	
959	0.247559	0.251221	0.254272	0.246948	
960	0.362671	0.205322	0.267578	0.164429	
961	0.310547	0.222168	0.259766	0.20752	
962	0.243164	0.224121	0.265015	0.2677	
963	0.251465	0.239014	0.253906	0.255615	
964	0.246704	0.247681	0.256714	0.248901	
965	0.258301	0.264404	0.248169	0.229126	
966	0.253906	0.250488	0.248901	0.246704	
967	0.241577	0.246948	0.260986	0.250488	
968	0.279297	0.282715	0.218628	0.21936	
969	0.264648	0.268677	0.231934	0.234741	
970	0.239502	0.237305	0.258423	0.264771	
971	0.237671	0.244629	0.253174	0.264526	
972	0.255493	0.243896	0.250977	0.249634	
973	0.270142	0.258301	0.237183	0.234375	
974	0.245117	0.252441	0.248535	0.253906	
975	0.23584	0.240967	0.26355	0.259644	
976	0.285278	0.224609	0.278564	0.211548	
977	0.27063	0.234985	0.26355	0.230835	
978	0.25061	0.252563	0.246704	0.250122	
979	0.248779	0.250122	0.251831	0.249268	
980	0.245728	0.255981	0.255249	0.243042	
981	0.248535	0.255493	0.243896	0.252075	
982	0.248535	0.248901	0.254517	0.248047	
983	0.254639	0.255981	0.247314	0.242065	
984	0.251343	0.261841	0.245728	0.241089	
985	0.255981	0.246094	0.246704	0.251221	
986	0.23938	0.256348	0.252563	0.251709	
987	0.254028	0.251099	0.245361	0.249512	
988	0.24707	0.247437	0.253906	0.251587	
